chromatogram  aliquot  amount nach AErban      amount nach CSchudoma            faktor
12032ia_10          864868  0.009886              9.88646362098135            1000.04689672075
12032ia_11          865020  0.010136              10.1364265927977            1000.04208689796
12032ia_12          862996  0.008587              8.61763907734058            1003.56807701649
12032ia_13          862845  0.009132              9.13188457427858            999.987360302078
12032ia_14          864869  0.010331              10.3307491289198            999.975716670197
12032ia_15          865021  0.009385              9.38485316846987            999.984354658484
12032ia_16          862997  0.007551              7.37326323695081            976.461824520038
12032ia_17          862846  0.009766              9.76591957811469            999.991765115164
12032ia_18          864870  0.009146              9.14645669291341            1000.04993362272
12032ia_19          865022  0.008876              8.87581699346408            999.979381868418
12032ia_20          862998  0.006371              7.33904588271043            1151.94567300431
12032ia_21          862847  0.009716              9.71595946801772            999.995828326237
12032ia_22          864871  0.009515              9.51533742331283            1000.03546225043
12032ia_23          865023  0.010074              10.0738552437223            999.985630705013
12032ia_24          862999  0.01006 9.17950377562028            912.475524415535
12032ia_25          862848  0.008165              8.16475132786095            999.969544134838
12032ia_26          864872  0.009644              9.64447385837195            1000.04913504479
12032ia_27          865024  0.008636              8.63614457831326            1000.0167413517
12032ia_28          863000  0.008806              47.4597953216374            5389.48391115573
12032ia_29          862849  0.008796              8.79599719101124            999.999680651574
12032ia_30          864873  0.010222              4.28989547038328            419.672810642074
12032ia_31          865025  0.009352              9.35242718446601            1000.0456784074
12032ia_32          863001  0.008881              9.71830568720379            1094.28056381081
12032ia_33          862850  0.008983              8.98292220113851            999.991339323
12032ia_34          864874  0.010102              10.1024096385541            1000.04055024293
12032ia_35          865026  0.00849 8.49028605482714            1000.03369314807
12032ia_36          863002  0.007777              8.03913154533844            1033.70599785759
12032ia_37          862851  0.007603              7.60256901840491            999.943314271328
12032ia_38          864875  0.010899              10.8992469879518            1000.02266152416
12032ia_39          865027  0.010947              10.9469505178366            999.995479842569
12032ia_40          863003  0.007013              7.3359382777501              1046.04852099673
12032ia_41          862852  0.00813 8.12954545454544            999.944090349993
12032ia_42          864876  0.009202              9.20151619572713            999.947424008599
12032ia_43          865028  0.00998 9.98048128342244            1000.04822479183
12032ia_44          863004  0.00796 8.30660869565217            1043.54380598645
12032ia_45          862853  0.007189              7.18854140605455            999.936208937898
12032ia_46          864877  0.01013 10.1299833887043            999.998360187986
12032ia_47          865029  0.009305              9.30500758725344            1000.00081539532
12032ia_48          863005  0.008049              7.72898739678401            960.24194269897
12032ia_49          862854  0.010852              10.8524734982332            1000.04363234733
12032ia_5            862843  0.009055              9.0553020961776              1000.03336236086
12032ia_50          864878  0.010568              10.5676337262012            999.965341237812
12032ia_51          865030  0.007685              7.68513513513514            1000.01758427263
12032ia_52          863006  0.007933              7.78095238095237            980.83352841956
12032ia_53          862855  0.009371              9.37052498418726            999.949310018916
12032ia_54          864879  0.01045 10.4503113325032            1000.02979258404
12032ia_6            864801  0.010622              10.6223185265439            1000.02998743588
12032ia_7            865019  0.008999              8.99898089171974            999.997876621818
12032ia_8            862995  0.007901              8.4301724137931              1066.97537195204
12032ia_9            862844  0.009459              9.45859872611464            999.957577557315
12034ia_12          865031  0.010314              10.3138747884941            999.987860044028
12034ia_13          863007  0.011587              10.3617151607963            894.253487597851
12034ia_14          862856  0.008964              8.96412300683371            1000.01372231523
12034ia_15          864880  0.011334              11.3335203366059            999.9576792488
12034ia_16          865032  0.009299              9.29891696750901            999.991070815035
12034ia_17          863008  0.009796              10.0080638015064            1021.64799933712
12034ia_18          862857  0.009446              9.44634686346863            1000.0367206721
12034ia_19          864881  0.010334              10.3339008142117            999.990401994552
12034ia_20          865033  0.008793              8.79343794579171            1000.0498061858
12034ia_21          863009  0.008928              8.66423777564717            970.45674010385
12034ia_22          862858  0.00783 7.82976846747521            999.970430073462
12034ia_23          864882  0.009802              9.80171358629132            999.970780074609
12034ia_24          865034  0.008957              8.9567723342939              999.974582370649
12034ia_25          863010  0.008807              8.57879271798148            974.087966161176
12034ia_26          862859  0.007153              7.15276179516687            999.966698611334
12034ia_27          864883  0.010271              10.2714759535655            1000.04633955462
12034ia_28          865035  0.00836 8.35959507042254            999.951563447672
12034ia_29          863011  0.006728              7.81886094674558            1162.1374772214
12034ia_30          862860  0.006951              6.95079735511475            999.970846657279
12034ia_31          864884  0.012224              12.2242905788876            1000.02377117863
12034ia_32          865036  0.009556              9.55631825273008            1000.03330396924
12034ia_33          863012  0.009389              8.73902165795368            930.772356795578
12034ia_34          862861  0.006454              6.4539041870992              999.985154493213
12034ia_35          864885  0.01037 10.3700436681223            1000.00421100504
12034ia_36          865037  0.010801              10.8009987515606            999.999884414462
12034ia_37          863013  0.00974 9.130162601626                937.388357456468
12034ia_38          862862  0.006474              6.47373953669456            999.959767793414
12034ia_39          864886  0.010082              10.0817417876242            999.974388774469
12034ia_40          865038  0.009612              9.61187762447511            999.987268463911
12034ia_41          863014  0.009355              8.42487783207461            900.574861793117
12034ia_42          862863  0.008011              8.01146413363904            1000.05793704145
12034ia_43          864887  0.011372              11.371996124031              999.999659165582
12034ia_44          865039  0.008932              8.93233082706764            1000.03703840883
12034ia_45          863015  0.006594              9.20456273764254            1395.89971756787
12034ia_46          862864  0.007628              7.62809107757478            1000.0119399023
12034ia_47          864888  0.010407              10.4073608617594            1000.03467490722
12034ia_48          865040  0.008443              8.44278535534817            999.974577205753
12034ia_49          863016  0.009288              10           1076.65805340224
12034ia_50          862865  0.009549              9.54861111111111            999.959274385916
12034ia_51          864889  0.012227              12.2273567467652            1000.02917696616
12034ia_52          865041  0.008616              8.61588652482268            999.986829714796
12034ia_53          863017  0.010365              8.73838254172017            843.0663330169
12034ia_54          862866  0.010347              10.3466055045871            999.961873449995
12034ia_55          864890  0.010284              10.2842785355348            1000.02708435772
12034ia_56          865042  0.009085              9.08465608465608            999.962144706228
12034ia_57          863018  0.010064              10.0023255813953            993.871778755495
12034ia_58          862867  0.009073              9.07294557097121            999.994000988781
12034ia_59          864891  0.009332              9.33218390804597            1000.01970724882
12034ia_60          865043  0.009899              9.8986582478295              999.965476091474
12034ia_61          863019  0.007257              7.66467082091573            1056.17621894939
12034ia_62          862868  0.008592              8.59177718832891            999.974067542936
12034ia_63          864892  0.010696              10.6957045968349            999.972381903039
12034ia_64          865044  0.009952              9.9521203830369              1000.01209636625
12034ia_65          863020  0.009143              9.40157977883098            1028.28172140774
12034ia_66          862869  0.010052              10.051922005571              999.992240904397
12038ia_10          865046  0.009898              9.89804587935432            1000.00463521462
12038ia_11          863022  0.011254              9.31495901639343            827.702062945924
12038ia_12          862871  0.007038              7.03754700089526            999.935635250818
12038ia_13          864895  0.009991              9.99074074074077            999.974050719725
12038ia_14          865047  0.00877 8.77005856515374            1000.00667789666
12038ia_15          863023  0.008094              8.94245374878285            1104.82502455928
12038ia_16          862872  0.007778              7.77808014354067            1000.01030387512
12038ia_31          864896  0.008936              8.93604060913708            1000.00454444238
12038ia_32          865048  0.009747              9.7465648854962              999.955359135755
12038ia_33          863024  0.010014              9.93284518828451            991.895864617986
12038ia_34          862873  0.00919 9.18981741573032            999.980132288392
12038ia_35          864897  0.010194              10.1935096153847            999.951894779743
12038ia_36          865049  0.010699              10.6991525423729            1000.01425762902
12038ia_37          863025  0.008499              8.5079352060693              1001.05132439926
12038ia_38          862874  0.00724 7.24005406623114            1000.00746771148
12038ia_39          864898  0.009683              9.68333333333333            1000.03442459293
12038ia_40          865050  0.009446              9.44568611339358            999.966770420663
12038ia_41          863026  0.00999 9.8535849056604              986.344835401441
12038ia_42          862875  0.008347              8.34731849689893            1000.03815705031
12038ia_5            864893  0.010153              10.1532330827068            1000.02295702815
12038ia_6            865045  0.007991              7.99088689991865            999.985846567219
12038ia_60          864899  0.010302              10.3024010382869            1000.03892819714
12038ia_61          865051  0.009458              9.45802888700086            1000.00305423989
12038ia_62          863027  0.008737              8.71899145994307            997.938818810011
12038ia_63          862876  0.008316              8.31591039632396            999.989225147181
12038ia_64          864900  0.010531              10.5309554140127            999.995766215241
12038ia_65          865052  0.00983 9.829984423676                999.998415429909
12038ia_66          863028  0.006561              7.07354642313546            1078.12016813526
12038ia_67          862877  0.009708              9.70810560444652            1000.01087808473
12038ia_68          864901  0.010875              10.8747826086956            999.980009994998
12038ia_69          865053  0.00927 9.26986301369866            999.985222621215
12038ia_7            863021  0.007606              8.13241274658574            1069.21019544908
12038ia_70          863029  0.007941              7.65484344422702            963.964669969402
12038ia_71          862878  0.01054 10.5402374670184            1000.02253007765
12038ia_72          864902  0.009033              9.03292775665395            999.992002286499
12038ia_73          865054  0.008862              8.86224928366762            1000.02812950436
12038ia_74          863030  0.008985              8.92646735546274            993.485515354785
12038ia_75          862879  0.009409              9.40901946107783            1000.0020683471
12038ia_76          864903  0.010518              10.5184251968504            1000.04042563704
12038ia_77          865055  0.009005              9.00490196078428            999.989112802252
12038ia_78          863031  0.008038              8.1447997307304              1013.28685378582
12038ia_79          862880  0.008366              8.36628209899516            1000.0337196982
12038ia_8            862870  0.008077              8.07650367806143            999.938551202356
12038ia_80          864904  0.010688              10.6878093492209            999.982162165129
12038ia_81          865056  0.011938              11.9384203480589            1000.03521092804
12038ia_82          863032  0.010369              10.3463995943205            997.82038714635
12038ia_83          862881  0.00776 7.75965974625144            999.956152867454
12038ia_84          864905  0.010888              10.8882438316401            1000.02239452977
12038ia_85          865057  0.010185              10.1851306095111            1000.01282371243
12038ia_9            864894  0.011506              11.5059602649007            999.99654657576
12040ia_11          863033  0.010461              10.1234061930783            967.728342708947
12040ia_12          862882  0.007596              7.59573696145128            999.965371439084
12040ia_13          864906  0.011441              11.4414985590778            1000.04357652983
12040ia_14          865058  0.009962              9.96217494089838            1000.01756082096
12040ia_15          863034  0.009396              9.4369685767098              1004.36021463493
12040ia_16          862883  0.007254              7.25361207897792            999.946523156592
12040ia_29          864907  0.010202              10.2020905923345            1000.00887986027
12040ia_30          865059  0.009374              9.37425373134328            1000.02706756382
12040ia_31          863035  0.010524              9.70971718636692            922.626110449156
12040ia_32          862884  0.007846              7.8455003599712              999.936319139842
12040ia_33          864908  0.011244              11.2441887226698            1000.01678430005
12040ia_34          865060  0.011613              11.6134831460674            1000.04160389799
12040ia_35          863036  0.008129              8.43742588932808            1037.94143059762
12040ia_36          862885  0.00964 68.0813483146067            7062.38053056086
12040ia_37          864909  0.009494              9.49393939393939            999.993616382914
12040ia_38          865061  0.010214              10.2135561160151            999.956541611034
12040ia_39          863037  0.006782              7.64750000000001            1127.61722205839
12040ia_40          862886  0.009687              9.68715746421267            1000.01625520932
12040ia_41          864910  0.009422              9.4218556701031              999.984681607207
12040ia_42          865062  0.009658              9.65761718749997            999.960363170425
12040ia_43          863038  0.010883              9.54859223300974            877.386036296034
12040ia_44          862887  0.009686              9.68587594300084            999.987192133062
12040ia_45          864911  0.009598              9.59846860643182            1000.04882334151
12040ia_46          865063  0.009394              9.39354838709679            999.951925388204
12040ia_47          863039  0.007978              7.97768503060657            999.960520256527
12040ia_48          862888  0.00837 8.36977209116353            999.972770748331
12040ia_49          864912  0.010211              10.210989010989              999.998923806581
12040ia_50          865064  0.00845 8.45000000000004            1000
12040ia_51          863040  0.008192              8.2578947368421              1008.04379111842
12040ia_52          862889  0.008739              8.73921832884099            1000.02498327509
12040ia_53          864913  0.010351              10.3514802631579            1000.0463977546
12040ia_54          865065  0.009533              9.53275039745629            999.973816999506
12045ia_10          864915  0.011067              11.06706231454                1000.00563066233
12045ia_11          865067  0.011741              11.7405012126112            999.957517469653
12045ia_12          863043  0.009207              9.39811800610375            1020.75790225956
12045ia_13          862892  0.009168              9.16763005780346            999.959648538772
12045ia_14          864916  0.010379              10.378947368421              999.994929031795
12045ia_15          865068  0.01004 10.04     1000
12045ia_16          863044  0.007659              8.42161562361295            1099.5711742542
12045ia_17          862893  0.007547              7.5467110741049              999.96171645752
12045ia_29          862896  0.009316              9.31648638567698            1000.052209712
12045ia_30          864920  0.011419              11.4191208791208            1000.01058578867
12045ia_31          865072  0.00974 9.74037138927098            1000.0381303153
12045ia_32          863048  0.007596              7.63015435501653            1004.49636058669
12045ia_33          862897  0.009775              9.775     1000
12045ia_34          864921  0.010151              10.1508196721312            999.982235457709
12045ia_35          865073  0.01002 10.0201047120418            1000.01045030357
12045ia_36          863049  0.009899              8.46587462082913            855.225236976374
12045ia_37          864917  0.010463              10.4632860040568            1000.02733480424
12045ia_38          865069  0.010658              10.657930007446              999.993432862263
12045ia_39          863045  0.009973              9.31743675517457            934.26619424191
12045ia_4            863041  0.007107              7.65038363171354            1076.45752521648
12045ia_40          862894  0.008659              8.65926421404684            1000.03051322865
12045ia_41          864918  0.01201 12.00981749528                999.984803936719
12045ia_42          865070  0.009505              9.50522088353412            1000.02323866745
12045ia_43          863046  0.009436              10.4002713704206            1102.1906920751
12045ia_44          862895  0.010024              10.0240384615385            1000.00383694518
12045ia_45          864919  0.010273              10.272536687631              999.954899993283
12045ia_46          865071  0.009947              9.94688346883467            999.988284792869
12045ia_47          863047  0.010426              9.92045766590389            951.511381728744
12045ia_5            862890  0.007637              7.63680781758959            999.974835352834
12045ia_6            864914  0.011185              11.1845280340668            999.957803671596
12045ia_7            865066  0.010729              10.7294117647058            1000.03837866584
12045ia_8            863042  0.011166              9.66525573192238            865.596966856742
12045ia_9            862891  0.007772              7.77243195785777            1000.05557872591
12047ia_10          864923  0.009511              9.5114874815906              1000.05125450432
12047ia_11          865075  0.009322              9.32203389830509            1000.00363637686
12047ia_12          863051  0.008171              8.69748153122902            1064.4329373674
12047ia_13          862900  0.008124              8.12409255898364            1000.01139327716
12047ia_14          864924  0.010114              10.1142526964561            1000.02498481868
12047ia_15          865076  0.009334              9.33395872420263            999.995577909002
12047ia_16          863052  0.007338              7.71458333333331            1051.31961479058
12047ia_17          862901  0.008535              8.53475555555554            999.971359760462
12047ia_18          864925  0.011045              5.1567245119306              466.883160880996
12047ia_19          865077  0.010862              10.8620689655172            1000.00634924666
12047ia_20          863053  0.008984              7.7484949832776              862.477179794924
12047ia_21          862902  0.010282              10.2820618556701            1000.00601591812
12047ia_22          864926  0.011209              11.2091563786008            1000.01395116431
12047ia_23          865078  0.009782              9.78214285714281            1000.0146040833
12047ia_24          863054  0.008762              9.48618307426596            1082.65043075393
12047ia_25          862903  0.007415              7.41549182524793            1000.06632842184
12047ia_26          864927  0.00968 9.68021352313166            1000.02205817476
12047ia_27          865079  0.009223              9.22335766423359            1000.03877959813
12047ia_28          863055  0.008555              9.07138863000932            1060.36103214603
12047ia_29          862904  0.007495              7.49454342984409            999.939083368124
12047ia_30          864928  0.010223              10.2233766233767            1000.0368407881
12047ia_31          865080  0.009605              9.6046460176991              999.963146038428
12047ia_32          863056  0.009319              9.38576375529049            1007.16426175453
12047ia_33          862905  0.009339              9.33927635028844            1000.02959099352
12047ia_34          864929  0.010289              10.2891577928364            1000.01533607118
12047ia_35          865081  0.00989 9.89028960817721            1000.02928292995
12047ia_37          862906  0.008291              8.29121107266436            1000.0254580466
12047ia_38          864930  0.00977 9.7704   1000.04094165814
12047ia_39          865082  0.010307              10.3065168539326            999.95312447197
12047ia_42          864931  0.010883              10.8833442194644            1000.03162909716
12047ia_43          865083  0.010855              10.8547945205479            999.98107052491
12047ia_44          863059  0.009305              9.75757575757576            1048.63791054011
12047ia_45          862908  0.010565              10.5654017272965            1000.03802435367
12047ia_5            862898  0.009211              9.2107115531752              999.968684526675
12047ia_52          863057  0.007801              7.6409155937053              979.478989066184
12047ia_53          863058  0.007917              7.19489144316727            908.790127973635
12047ia_54          862907  0.008305              8.30462085308058            999.95434714998
12047ia_6            864922  0.010737              10.737400530504              1000.03730376306
12047ia_7            865074  0.009351              9.35082152974503            999.980914313446
12047ia_8            863050  0.00987 9.42750961127726            955.168147039236
12047ia_9            862899  0.009269              9.26906318082791            1000.00681635861
12055if_12          864932  0.01069 10.6896551724138            999.967742976034
12055if_13          865084  0.008537              8.53690828402368            999.989256650308
12055if_14          863060  0.006928              7.45617189212893            1076.23728235117
12055if_15          862909  0.008219              8.21875000000002            999.969582674294
12055if_16          864933  0.011836              11.8364485981309            1000.0379011601
12055if_31          865085  0.009085              9.08490136570563            999.98914317068
12055if_32          863061  0.008102              7.58578650014867            936.285670223238
12055if_33          862910  0.008703              8.70276865321446            999.973417581806
12055if_34          864934  0.011191              11.1912225705329            1000.01988835072
12055if_35          865086  0.010397              10.3966942148761            999.970589100327
12055if_36          863062  0.009475              9.11358574610242            961.85601541978
12055if_37          862911  0.008506              8.50598086124402            999.997749969906
12055if_38          864935  0.009369              9.36888888888891            999.988140558107
12055if_39          865087  0.009564              9.56426116838486            1000.027307443
12055if_40          863063  0.008297              9.71507798960138            1170.91454617348
12055if_41          862912  0.007542              7.54160024524829            999.946996187787
12055if_42          864936  0.009309              9.30916262135922            1000.01746926192
12055if_43          865088  0.010633              10.6331588132636            1000.01493588485
12055if_44          863064  0.011521              10.0378181818181            871.262753391034
12055if_45          862913  0.009941              9.94054696789537            999.954427914231
12055if_46          864937  0.011118              11.1182481751825            1000.02232192683
12055if_47          865089  0.00939 9.39017013232511            1000.01811845848
12055if_48          863065  0.008188              8.16175670423628            996.794907698617
12055if_49          862914  0.00929 9.28975069252078            999.973163888136
12055if_56          864938  0.010381              10.3812500000001            1000.02408245835
12055if_57          865090  0.009385              9.38480243161097            999.978948493444
12055if_58          863066  0.008959              9.92634605331937            1107.9747799218
12055if_59          862915  0.009182              9.18165784832452            999.962736694023
12055if_60          864939  0.010675              10.6748338081672            999.984431678426
12055if_61          865091  0.009389              9.38880706921947            999.979451402649
12055if_62          863067  0.009925              9.27361405634657            934.369174442979
12060ia_10          864941  0.010257              10.2568555758683            999.985919456791
12060ia_11          865093  0.010444              10.4439667128987            999.996812801484
12060ia_12          863069  0.006482              7.05664997217585            1088.65318916628
12060ia_13          862918  0.008764              8.76391437308871            999.990229699762
12060ia_14          864942  0.010579              10.5785234899329            999.954956983921
12060ia_15          865094  0.009916              9.91597633136092            999.997613086015
12060ia_17          862919  0.008708              8.70830540037245            1000.03507124167
12060ia_18          864943  0.01181 11.8100082034455            1000.00069461859
12060ia_19          865095  0.011573              11.572602739726              999.96567352683
12060ia_20          863071  0.008975              8.94983498349835            997.196098439928
12060ia_21          862920  0.009241              9.24140446876424            1000.04376893889
12060ia_22          864944  0.010975              10.9751004016064            1000.00914821015
12060ia_23          865096  0.010293              10.2927835051547            999.978966788565
12060ia_24          863072  0.008384              7.95495963091119            948.826291854865
12060ia_25          862921  0.008928              8.9276885043263              999.965110251602
12060ia_26          864945  0.01018 10.1802383316783            1000.02341175622
12060ia_27          865097  0.009049              9.04926108374386            1000.02885222056
12060ia_28          863073  0.008759              9.56121212121209            1091.58718132345
12060ia_29          862922  0.009459              9.45940721649488            1000.04305069192
12060ia_37          864940  0.010393              10.392656587473              999.966957324449
12060ia_38          864946  0.010118              10.1178631051752            999.98647016952
12060ia_40          865098  0.013101              13.1013333333333            1000.02544335038
12060ia_41          863074  0.008749              10.2235425011126            1168.53840451624
12060ia_42          862923  0.009201              9.2007448789572              999.972272465732
12060ia_43          864947  0.010758              10.7581854043393            1000.01723408991
12060ia_44          865099  0.009979              9.9785783836417              999.957749638411
12060ia_45          863075  0.010662              8.78231562252179            823.702459437422
12060ia_46          862924  0.009644              9.64439768542872            1000.04123656457
12060ia_47          864948  0.011176              11.175917215428              999.992592647459
12060ia_48          865100  0.009797              9.79707419017759            1000.00757274447
12060ia_49          863076  0.007908              7.90840950639853            1000.05178381367
12060ia_5            862916  0.008995              8.99473839787171            999.970916939601
12060ia_50          862925  0.010177              10.1770425388251            1000.00417989831
12060ia_51          864949  0.010925              10.925   1000
12060ia_52          865101  0.010166              10.1664948453608            1000.04867650608
12060ia_53          863077  0.007854              7.85406844106463            1000.00871416662
12060ia_54          862926  0.010659              10.659195781147              1000.0183676843
12060ia_55          864950  0.011485              11.4845397676497            999.959927527183
12060ia_56          865102  0.009896              9.89555555555553            999.9550884757
12060ia_57          863078  0.008472              8.47233592095977            1000.03965072707
12060ia_58          862927  0.00919 9.19033343530133            1000.03628240493
12060ia_59          864951  0.010197              10.1973561430793            1000.0349262606
12060ia_60          865103  0.008821              8.82080624187257            999.978034448766
12060ia_61          863079  0.009831              9.83051601423484            999.950769426797
12060ia_62          862928  0.0093   9.30010741138563            1000.01154961136
12060ia_63          864952  0.010017              10.0172359015091            1000.02355011571
12060ia_64          865104  0.010213              10.2130558183538            1000.00546542189
12060ia_65          863080  0.00717 7.17013070494964            1000.01822942115
12060ia_66          862929  0.009942              9.94220363994098            1000.0204827943
12060ia_67          864953  0.011296              11.296351575456              1000.03112388952
12060ia_7            865092  0.009133              9.13288590604025            999.987507504681
12060ia_8            863068  0.00797 7.14023569023569            895.889045198957
12060ia_9            862917  0.008058              8.05834378920952            1000.04266433476
12062if_11          865105  0.009816              9.81623641304347            1000.02408445838
12062if_12          863081  0.00833 8.32962172056133            999.95458830268
12062if_13          862930  0.008584              8.58360396039604            999.953863047069
12062if_14          864954  0.009707              9.70723860589818            1000.02458080748
12062if_15          865106  0.009058              9.05788139888499            999.986906478802
12062if_16          863082  0.007976              7.97593564183282            999.991931022169
12062if_17          862931  0.008901              8.90123042505592            1000.02588754701
12062if_18          864955  0.010111              10.1105825242718            999.958710737988
12062if_19          865107  0.010507              10.5071932299013            1000.01839058735
12062if_20          863083  0.009588              9.58756254467476            999.954374705336
12062if_21          862932  0.008357              8.35691358024691            999.989658998075
12062if_22          864956  0.010585              10.5852317360566            1000.02189287261
12062if_23          865108  0.010884              10.8841883345046            1000.01730379498
12062if_24          863084  0.010271              10.2713643178411            1000.03547053267
12062if_25          862933  0.009437              9.43743051266216            1000.04561965266
12062if_26          864957  0.009645              9.64528301886791            1000.02934358402
12062if_27          865109  0.00961 9.61018153117596            1000.0188898206
12062if_28          863085  0.008291              8.29098277608916            999.997922577393
12062if_29          862934  0.009539              9.53854132901134            999.951916239788
12062if_30          864958  0.010119              10.1187845303868            999.978706432138
12062if_31          865110  0.009665              9.6653225806452              1000.03337616608
12062if_32          863086  0.010052              10.0520059435364            1000.00059127899
12062if_33          862935  0.009464              9.46427090532138            1000.02862482263
12062if_34          864959  0.010461              10.4610785463071            1000.00750848935
12062if_35          865111  0.013265              13.2651851851852            1000.01396043612
12062if_36          863087  0.008465              8.46540110226575            1000.04738361084
12062if_39          865112  0.009162              9.16244239631331            1000.04828599796
12062if_40          863088  0.007635              7.634875              999.983628028815
12062if_41          862937  0.008179              8.179193628671                1000.02367388079
12062if_42          864961  0.010913              10.91330472103                1000.02792275543
12062if_43          865113  0.009619              9.61864650827936            999.963250678798
12062if_44          863089  0.008597              8.59723756906077            1000.02763394914
12062if_45          862938  0.008287              8.28696749763333            999.996077909175
12062if_46          864962  0.010721              10.7205882352942            999.961592696036
12062if_47          865114  0.010668              10.6679245283019            999.992925412626
12062if_48          863090  0.007447              7.44650246305419            999.93318961383
12062if_49          862939  0.009711              9.71078355314196            999.97771116692
12066ia_10          863092  0.01024 10.239561943874              999.957221081445
12066ia_11          862941  0.010208              10.2079806529625            999.998104718113
12066ia_12          864965  0.010295              10.295   1000
12066ia_13          865117  0.009794              9.79383617193839            999.983272609597
12066ia_14          863093  0.009728              9.72838654012077            1000.0397347986
12066ia_15          862942  0.011141              11.1405886909373            999.963081495135
12066ia_16          864966  0.010191              10.1911623439001            1000.01593012463
12066ia_17          865118  0.008918              8.91786912751679            999.98532490657
12066ia_18          863094  0.010439              10.4393769470405            1000.03610949713
12066ia_19          862943  0.00955 9.55        1000
12066ia_20          864967  0.01119 11.1904886561955            1000.04366900764
12066ia_21          865119  0.012516              12.5158240647118            999.985943169687
12066ia_22          863095  0.008286              8.28613138686129            1000.01585648821
12066ia_24          864968  0.011923              11.9228187919463            999.984801807121
12066ia_25          865120  0.010672              10.672264355363              1000.02477092982
12066ia_26          863096  0.009193              55.3317909168809            6018.90470106395
12066ia_27          862945  0.010091              10.0910891089108            1000.00883053323
12066ia_28          864969  0.01126 11.2596232596232            999.966541707211
12066ia_29          865121  0.008293              8.29280742459396            999.976778559503
12066ia_30          863097  0.006944              6.94410601265823            1000.01526679986
12066ia_31          862946  0.00937 9.37034972123669            1000.03732350445
12066ia_32          864970  0.010531              10.5311191992721            1000.01131889394
12066ia_33          865122  0.011493              11.4934765924789            1000.04146806568
12066ia_34          863098  0.008306              8.30624016780282            1000.02891497746
12066ia_35          862947  0.008107              8.10745557000434            1000.05619464714
12066ia_36          864971  0.010979              10.9789227166277            999.99296080041
12066ia_37          865123  0.011701              11.7006172839506            999.967292022101
12066ia_38          863099  0.007884              7.88360739979444            999.950202916596
12066ia_39          862948  0.010133              10.1334251606979            1000.04195802802
12066ia_4            864963  0.011488              11.4877526753865            999.978471046875
12066ia_40          864972  0.009935              9.93476482617585            999.976328754489
12066ia_41          862944  0.008807              8.8067837190742              999.975442156716
12066ia_5            865115  0.011385              11.3849938499385            999.999459810145
12066ia_51          865124  0.009846              9.84646226415089            1000.04694943641
12066ia_52          863100  0.008351              8.35146245059288            1000.0553766726
12066ia_53          862949  0.008984              8.98370497427098            999.967160982967
12066ia_54          864973  0.008918              8.91751552795029            999.945674809407
12066ia_55          865125  0.010262              10.2615992102665            999.960944286348
12066ia_56          863101  0.008602              8.60247432306256            1000.05514102099
12066ia_59          865126  0.010069              10.0690984170681            1000.00977426439
12066ia_6            863091  0.008042              8.04218023255815            1000.02241140987
12066ia_60          863102  0.010241              10.2413253012048            1000.03176459377
12066ia_61          862951  0.008638              8.63833333333334            1000.03858917959
12066ia_62          864975  0.010108              10.1076219512196            999.962599052196
12066ia_63          865127  0.010974              10.9736445783132            999.967612385019
12066ia_64          863103  0.009892              9.89248382279739            1000.04891051328
12066ia_65          862952  0.00778 7.78047527296081            1000.06108906951
12066ia_66          864976  0.010182              3.95530586766538            388.460603777782
12066ia_67          865128  0.009177              9.17740693196402            1000.0443425917
12066ia_68          863104  0.008994              8.99361233480177            999.956897353988
12066ia_7            862940  0.008228              8.22754966887416            999.945268458211
12066ia_8            864964  0.011065              11.0652078774617            1000.01878693734
12066ia_9            865116  0.010076              10.0757396449704            999.974160874395
12068ia_11          864974  0.010387              10.3874558303887            1000.04388470094
12068ia_12          862953  0.008419              8.41945830363506            1000.05443682564
12068ia_13          864977  0.010829              10.8294930875576            1000.04553398814
12068ia_15          863105  0.009535              9.5353075170843              1000.03225139846
12068ia_16          862954  0.009788              9.78811040339702            1000.01127946435
12068ia_17          864978  0.011975              11.9754212091179            1000.03517403907
12068ia_18          865130  0.009935              9.93522833178009            1000.02298256468
12068ia_19          863106  0.008074              8.0743732590529              1000.04622975637
12068ia_20          862955  0.009526              9.5261437908497              1000.01509456747
12068ia_21          864979  0.01134 11.3401129943503            1000.00996422842
12068ia_22          865131  0.009485              9.4848049281314              999.979433645904
12068ia_23          863107  0.009298              9.29830336794126            1000.03262722535
12068ia_24          862956  0.008055              8.05540897097625            1000.05077231238
12068ia_25          864980  0.010786              10.7862950058072            1000.02735080727
12068ia_26          865132  0.010665              10.665   1000
12068ia_27          863108  0.008509              8.5087402544112              999.969474017064
12068ia_28          862957  0.011081              11.081308411215              1000.02783243525
12068ia_29          864981  0.010741              10.7410926365796            1000.00862457682
12068ia_30          865133  0.010923              10.9233739837399            1000.03423818913
12068ia_31          863109  0.007973              7.972583275099                999.947732986204
12068ia_32          862958  0.008625              8.62506811989099            1000.00789795838
12068ia_33          864982  0.010176              10.1764655904843            1000.04575378187
12068ia_34          865134  0.009481              9.48124501197128            1000.02584241866
12068ia_35          863110  0.009239              9.23905038759691            1000.00545379337
12068ia_36          862959  0.008983              8.9831915957979              1000.02132870955
12068ia_37          864983  0.009964              9.96407185628736            1000.00721159046
12068ia_38          865135  0.00962 9.62012383900926            1000.01287307789
12068ia_39          863111  0.008778              8.77755905511811            999.94976704467
12068ia_40          862960  0.008004              8.00352889280987            999.941141030718
12068ia_41          864984  0.010948              10.9480457578647            1000.00417956382
12068ia_42          865136  0.010087              10.0873555404487            1000.03524739255
12068ia_43          863112  0.009742              9.74201474201479            1000.00151324315
12068ia_44          862961  0.009219              9.21945059813912            1000.04887711673
12068ia_45          864985  0.010314              10.3141541038526            1000.01494123062
12068ia_46          865137  0.009014              9.0139348638548              999.992773891147
12068ia_47          863113  0.008926              8.92638522427439            1000.04315754811
12068ia_48          862962  0.009271              9.27087087087088            999.98607171512
12068ia_49          864986  0.01029 10.2898321816387            999.983691121351
12068ia_50          865138  0.011431              11.4306040268457            999.96535971006
12068ia_51          863114  0.008728              8.72824120603016            1000.02763588797
12068ia_52          862963  0.009281              9.28107653490326            1000.00824640699
12068ia_53          864987  0.010588              10.5884003741815            1000.03781395745
12068ia_54          865139  0.010526              10.5260619150468            1000.00588210591
12068ia_56          862964  0.007168              7.16757624398075            999.940882251779
12068ia_57          864988  0.010773              10.7734212352533            1000.03910101674
12068ia_58          865140  0.010831              10.8314373558801            1000.04038000924
12068ia_59          863116  0.007751              7.75114075114075            1000.01815909441
12068ia_60          862965  0.007903              7.90295593976575            999.994424872295
12068ia_61          864989  0.01046 10.4604395604395            1000.04202298657
12068ia_62          865141  0.009435              9.43502570694086            1000.00272463602
12068ia_63          863117  0.00862 8.61959334565621            999.952824322066
12068ia_64          862966  0.00816 8.1597303095311              999.966949697439
12068ia_66          865129  0.010806              5.06775926921011            468.976426911911
12068ia_67          863115  0.010775              10.774730931212              999.975028418747
12073ia_10          863119  0.008222              8.22179675994112            999.975280946378
12073ia_12          864992  0.01085 10.8497297297297            999.975090297668
12073ia_13          865144  0.008134              8.13376413570271            999.971002668147
12073ia_14          863120  0.007989              7.98903041330908            1000.00380689812
12073ia_15          862969  0.010088              9.09290983606556            901.359024193652
12073ia_16          864993  0.010743              10.7425531914894            999.958409335325
12073ia_17          865145  0.010935              10.9350993377484            1000.00908438486
12073ia_18          863121  0.008052              8.0521502449646              1000.0186593349
12073ia_19          862970  0.009453              9.28505535055352            982.233719512697
12073ia_20          864994  0.010408              10.407614213198              999.962933627786
12073ia_21          865146  0.010756              10.7555921052632            999.962077469617
12073ia_22          863122  0.008568              8.56837193225026            1000.04340945965
12073ia_23          862971  0.007361              8.06008676789588            1094.9717114381
12073ia_24          864995  0.010197              10.1971724787936            1000.01691466055
12073ia_25          865147  0.012262              12.2621922160445            1000.01567574984
12073ia_26          863123  0.009785              9.78488372093025            999.988116599923
12073ia_27          862972  0.008672              7.92726473175022            914.121855598503
12073ia_28          864996  0.010083              10.0826170009551            999.962015367956
12073ia_29          865148  0.00916 9.16011331444758            1000.01237057288
12073ia_30          863124  0.009821              9.82054794520546            999.953970594182
12073ia_32          862973  0.011369              10.8181818181818            951.550867990307
12073ia_33          864997  0.010818              9.62977642276427            890.16236113554
12073ia_34          865149  0.00963 10.7627852084972            1117.6308627723
12073ia_35          863125  0.010763              9.67687326549491            899.086989268318
12073ia_36          862974  0.009737              10.6702302631579            1095.84371604785
12073ia_37          864998  0.01067 9.70159428257285            909.240326389208
12073ia_38          865150  0.009702              8.92489552238803            919.902651245932
12073ia_39          863126  0.008925              8.65716999050335            969.991035350515
12073ia_4            864990  0.01057 10.5703125          1000.02956480605
12073ia_40          862975  0.006700545       11.7627835051546            1755.49653127538
12073ia_41          864999  0.011763              8.8411234112341              751.604472603426
12073ia_42          865151  0.008841              9.17807520713832            1038.12636660314
12073ia_43          863127  0.009178              8.10515097690941            883.106447691154
12073ia_44          862976  0.008055957       9.32001862197394            1156.91017491453
12073ia_45          865000  0.00932 8.68259860788863            931.609292691913
12073ia_46          865152  0.008683              9.84032839407289            1133.28669746319
12073ia_47          863128  0.00984 9.27057182705718            942.131283237518
12073ia_48          862977  0.00957868          10.3057401812689            1075.90400569482
12073ia_49          865001  0.010306              9.27160940325498            899.632195153792
12073ia_5            865142  0.008641              8.64101765316718            1000.00204295419
12073ia_50          865153  0.009272              6.82468523464325            736.053196143577
12073ia_51          863129  0.006825              6.82468523464325            999.95388053381
12073ia_6            863118  0.006938              6.93794742729308            999.992422498282
12073ia_7            862967  0.007426              7.42610690067811            1000.01439545894
12073ia_8            864991  0.010394              10.3942285041225            1000.02198423345
12073ia_9            865143  0.00905 9.04952178533475            999.947158600525
12075if_11          862978  0.00751 9.14054054054051            1217.11591751538
12075if_12          865002  0.010201              10.2013232514178            1000.03168820878
12075if_13          865154  0.010012              10.01221001221                1000.02097604974
12075if_14          863130  0.00819 8.18954926206621            999.944964843249
12075if_15          862979  0.00968 8.83556370302475            912.764845353797
12075if_16          865003  0.010482              10.4823020625416            1000.02881726213
12075if_19          862980  0.007747              8.11943510423673            1048.0747520636
12075if_20          865004  0.010077              10.07725              1000.02480897092
12075if_21          865156  0.009946              9.94646397884998            1000.04664979388
12075if_23          862981  0.00957 9.28594164456235            970.317831197738
12075if_24          865005  0.011014              11.0138888888889            999.98991182939
12075if_25          865157  0.009647              9.64662998624485            999.961644681751
12075if_26          863133  0.008784              8.78381502890174            999.978942270234
12075if_27          862982  0.009144              9.04087616419457            988.722240178759
12075if_28          865006  0.011905              11.905017921147              1000.00150534624
12075if_29          865158  0.009145              9.14514657980458            1000.01602840947
12075if_31          862983  0.009817              9.8442748091603              1002.7783242498
12075if_32          865007  0.011838              11.8384615384615            1000.03898787477
12075if_33          865159  0.009256              9.25593914569922            999.993425421264
12075if_34          863135  0.008873              8.87273141814866            999.969730434877
12075if_35          862984  0.011301              9.6838137472284              856.898836140908
12075if_36          865008  0.010876              10.8758253461129            999.983941349108
12075if_37          865160  0.008619              8.61883767535072            999.981166649347
12075if_38          863136  0.008512              8.51249540610071            1000.05820090469
12075if_39          862985  0.006886              9.36732588134135            1360.34357846955
12075if_40          865009  0.01166 11.6598612487611            999.988100236801
12075if_41          865161  0.008859              8.85947046843175            1000.0531062684
12075if_42          863137  0.006441              6.44067142008317            999.948986195182
12075if_43          862986  0.009438              8.6979679144385              921.59015834271
12075if_44          865010  0.010253              10.2526315789473            999.964066999639
12075if_45          865162  0.010379              10.3790744466801            1000.0071728182
12075if_46          863138  0.008153              8.15278058645098            999.973087998403
12075if_47          862987  0.008386              8.0906743544748              964.783490874648
12075if_48          865011  0.011178              11.1778510838831            999.986677749427
12075if_50          863139  0.008064              8.06393350239502            999.991753769224
12075if_51          862988  0.007247              7.79225484072456            1075.23869749201
12075if_52          865012  0.01011 10.1096570397112            999.96607712277
12075if_53          865164  0.009528              9.52839268527431            1000.04121381972
12075if_54          863140  0.008268              8.26847873739588            1000.05790244266
12075if_55          865155  0.011701              11.7014393420151            1000.0375473904
12075if_56          863131  0.007526              7.52589473684213            999.986013399167
12075if_57          863132  0.008032              48.7169003690037            6065.35114155923
12075if_58          863134  0.008988              8.9884318766067              1000.04805035678
12075if_59          865163  0.010224              10.2241258741259            1000.01231163203
12080ia_10          865014  0.010114              10.1137010676157            999.970443703352
12080ia_11          865166  0.010411              10.4109826589595            999.998334354
12080ia_12          863142  0.009147              9.14686684073106            999.985442301417
12080ia_13          862991  0.006687              8.40617449664426            1257.09204376316
12080ia_14          865015  0.010197              10.1966480446927            999.965484426076
12080ia_15          865167  0.009448              9.44765624999999            999.963616638441
12080ia_16          863143  0.008516              8.51554953178907            999.94710331013
12080ia_17          862992  0.009158              9.6043990086741              1048.74415906029
12080ia_18          865016  0.010419              10.4186311787072            999.964601085248
12080ia_19          865168  0.008985              8.98477306002928            999.974742351617
12080ia_20          863144  0.009174              9.17398160315376            999.997994675579
12080ia_21          862993  0.009812              9.48009828009829            966.173897278668
12080ia_22          865017  0.009289              9.28929292929296            1000.03153507299
12080ia_23          865169  0.011245              11.2454296160877            1000.03820507672
12080ia_24          863145  0.009468              9.46758620689654            999.956295616449
12080ia_25          862994  0.009511              8.78573466476461            923.744576255347
12080ia_26          865018  0.009823              9.82343499197432            1000.04428300665
12080ia_27          865170  0.0095   9.50044444444445            1000.04678362573
12080ia_28          863146  0.009258              9.25845831880015            1000.04950516312
12080ia_29          862936  0.008592              8.59151577858251            999.943642758672
12080ia_30          864960  0.010656              10.6564032697548            1000.0378443839
12080ia_31          863070  0.007904              7.88810902896081            997.989502651924
12080ia_5            862989  0.009187              9.12927236315086            993.716377832901
12080ia_6            865013  0.010222              10.2215517241379            999.956145973185
12080ia_7            865165  0.009585              9.58507462686569            1000.00778579715
12080ia_8            863141  0.007308              7.30829875518672            1000.04088056742
12080ia_9            862990  0.00937 8.4804469273743              905.063706229915
